23253212115555235152523523983253212
672134512351525235239859023582521241597203523523523214236523692342222224111111111142341359282011111532532121114125555555
235152523523984112222222222244112222222222241721345123253212111435235235235152523523983253212111459023418411222325321211
67213451235152523523985902398511111
2222224112222222222241111111122222222241024184112222222222241111111111423413592820111


41122398325321211145902341841122232
235152523523515252352341122222222222411111111597203523523523214236523641111111159720352352352321423652369234852124111111


282011111532532121114125555555523515252352398325323515252352151111423413552222241024184112222222222241111111111423413592
21122232532121125235282011111534184
0234183523523515254112555435223523983253212111459223253212115515252352398325321255235
23523515253413592820111115325321211
